556,5533,13397
444,5878,61857
7,11624,13182807
488,14609,33847
546,14690,17180
203,25846,733745
155,38504,1174781
231,47088,544012
46,49534,5123344
397,50012,106454
446,54352,59149
536,54409,19682
111,55903,1767475
227,61173,575431
570,62207,10237
535,62468,19855
606,70257,4293
432,70427,68681
403,79866,100311
742,83368,6
195,88668,782337
621,88823,3214
247,91848,445224
612,97422,3753
187,100599,862941
596,103579,6188
506,110682,26750
680,116243,228
647,116336,1089
338,123451,161187
511,125069,26264
344,128768,149287
563,135113,11117
587,143891,7687
169,143918,1011279
165,146046,1054748
127,147131,1528212
525,148057,22071
543,149441,17888
297,155497,249128
459,158307,52958
586,163658,7789
561,166807,11187
395,171286,109345
396,175574,108084
495,178714,29514
426,179880,73059
531,180009,20721
381,183000,120030
224,192591,588523
234,198131,532961
645,199554,1486
217,199895,605146
572,206488,9904
377,215193,127343
512,215634,25725
363,217346,137261
14,218340,10901458
209,219338,645816
428,219890,72009
438,220609,66705
417,229388,80650
458,230202,53944
418,237667,79831
315,237843,209371
398,241897,105901
475,242616,39777
469,244513,43690
135,249769,1441159
630,254377,2365
461,260768,51385
419,268482,78266
272,270057,330280
500,271538,27427
375,273811,128436
615,276109,3588
410,277703,89412
163,285756,1071945
201,286896,735525
249,292040,437518
636,293646,2072
623,299482,2907
296,317924,249492
150,321793,1205768
460,330467,52364
354,333468,142165
239,335644,512423
88,338059,2506846
365,343369,136926
220,347064,598498
539,355400,18709
279,358600,307727
257,370334,386629
366,371616,136079
268,380822,342342
356,383466,141334
614,386711,3601
414,392904,84880
524,397828,22555
477,398920,39668
34,399235,6904283
491,409047,30843
675,410069,305
262,411462,367899
690,412646,52
467,412947,46626
412,415150,87116
595,415441,6649
151,418041,1203731
516,457061,24885
115,460272,1723826
13,461537,11331318
379,843984,124095
48,846734,5020954
72,849613,3272667
62,857003,3842329
198,858233,765203
84,859935,2772948
222,865370,594317
389,867006,112344
605,874669,4379
181,876257,929365
288,878369,263952
149,879626,1206846
284,882779,282392
450,888151,57533
575,888702,9272
420,889787,78065
176,890033,962699
92,905979,2457373
330,910466,169032
629,913312,2387
578,913793,9139
236,915376,525708
24,919884,9393800
246,921366,447190
390,923504,110604
394,929772,109534
140,929904,1301542
560,934246,11350
280,941663,307255
584,941692,8117
11,942289,11512599
368,948378,133392
487,948544,33994
656,949447,803
210,963598,643389
74,968188,3229308
132,968543,1474331
637,985197,1977
517,986360,24392
177,991292,948925
585,993461,7947
204,997060,720176
173,1000037,996309
37,1000315,6523887
611,1003862,3870
240,1005059,483117
174,1007177,991304
81,1008997,2891996
39,1010145,6311230
719,1017355,26
258,1038691,382015
212,1043288,635884
747,1043671,2
229,1058972,559823
3,1060445,18840931
307,1076234,219251
751,1076409,1
121,1080969,1644719
41,1087605,6192977
286,1089288,268707
423,1101780,76192
134,1105757,1450277
295,1111565,249915
369,1115883,133325
634,1122528,2119
476,1125874,39764
360,1130600,139941
253,1131801,405014
248,1134421,442134
393,1136946,109570
76,1137046,3111618
166,1137727,1038879
554,1142108,14183
502,1153702,27157
126,1154532,1551647
388,1162435,112619
336,1162575,164217
415,1167897,84135
547,1172527,16807
652,1178923,950
492,1181563,30800
496,1182731,29467
371,1184926,132822
200,1185332,736639
421,1189242,76279
590,1191848,7349
538,1192409,19601
582,1196165,8245
400,1210500,103358
199,1213343,755004
311,1213951,215138
36,1216342,6589484
362,1219010,137726
574,1224273,9304
628,1229319,2425
358,1231952,141102
87,1233749,2604432
454,1235300,56606
269,1238219,339489
553,1238542,14320
156,1247259,1167133
98,1248510,2315116
130,1252187,1505544
599,1255756,5624
505,1261313,26799
374,1261674,129953
562,1262496,11174
35,1263711,6704770
670,1264675,392
131,1266062,1485526
281,1266262,285209
328,1268863,171929
57,1269608,4273259
462,1274094,50804
640,1274195,1863
80,1277777,2998895
69,1280764,3459551
17,1281787,9925741
494,1283136,29896
322,1287639,187889
82,1288559,2870852
15,1288854,10389434
518,1288935,24101
326,1288987,179867
112,1289315,1766408
737,1289940,9
583,1293205,8128
474,1299153,40078
157,1302688,1165825
214,1305668,614591
321,1306323,191576
43,1306476,6151125
443,1308954,61891
649,1309783,1010
108,1312722,1899331
529,1316592,20962
161,1316773,1088837
312,1318502,214972
75,1318599,3125079
544,1318861,17728
191,1319239,829551
225,1319831,583021
301,1320969,237759
333,1322632,165515
233,1322843,538774
317,1324201,202649
601,1330632,5313
244,1332028,459805
350,1335442,146210
252,1335463,414249
90,1337816,2480552
260,1339289,377098
183,1341140,907358
27,1342185,8827431
77,1343530,3074484
534,1343637,20102
211,1349208,641684
4,1349981,18273942
639,1353001,1881
143,1353166,1276561
125,1354206,1582834
367,1354679,135932
66,1355680,3583133
552,1356499,14484
648,1362032,1042
208,1363818,651708
197,1363850,771033
677,1373791,291
655,1384392,842
22,1384962,9582068
91,1385699,2466106
339,1386201,161016
499,1397789,27668
242,1399133,467578
63,1402322,3777934
172,1405141,1002048
60,1406114,3929598
654,1407257,854
673,1416017,376
12,1417296,11383616
686,1424998,66
2,1427485,20909539
298,1428310,247552
8,1429793,13162550
141,1431293,1287472
313,1434341,214782
118,1435367,1664947
251,1439865,421224
70,1440632,3451739
171,1441146,1009185
10,1442605,11624411
114,1443757,1730130
532,1449556,20523
119,1450967,1660288
270,1451299,331621
228,1451685,574946
463,1452912,49105
107,1453786,1943822
202,1454054,735327
592,1454136,6905
142,1456716,1284407
579,1460056,8954
109,1461547,1853912
265,1462506,353521
387,1462529,113059
23,1462626,9457290
207,1462718,675071
604,1462938,4880
44,1464942,5680722
20,1466642,9791103
160,1474069,1144057
577,1476740,9222
30,1477395,8302752
261,1477568,374487
45,1479381,5635127
223,1479399,594008
638,1482443,1912
569,1482522,10467
347,1482540,148636
86,1483432,2635396
65,1485635,3611566
334,1487000,164870
287,1488426,268549
332,1488750,167451
230,1489385,549853
625,1492602,2727
464,1493840,48944
64,1494095,3756402
364,1495294,137174
433,1495762,68481
100,1496771,2233618
683,1498091,155
456,1498170,55384
50,1498279,4613251
164,1499826,1061201
188,1500740,855357
232,1501905,543936
241,1502794,475483
526,1502948,21537
445,1503284,60375
359,1503875,140882
16,1505539,10224639
289,1505660,262856
559,1506376,11972
466,1509960,48069
342,1510818,156485
598,1510872,5721
635,1511923,2088
61,1512875,3904760
219,1513164,600856
439,1517305,64846
154,1518249,1178889
316,1518410,202890
93,1519679,2440058
507,1520309,26625
190,1521230,830615
147,1521895,1231629
99,1522004,2314203
139,1522322,1362478
128,1523375,1520652
497,1523502,28757
49,1524212,4751412
424,1524433,75910
643,1524583,1772
168,1524585,1012156
293,1524788,252438
448,1525611,58516
52,1526245,4440049
498,1526850,28425
530,1528106,20825
255,1528462,392204
42,1529061,6187570
416,1529085,80664
38,1529145,6472789
610,1529521,3960
540,1530745,18414
447,1531569,58654
408,1532041,91455
299,1532528,243437
291,1532752,260622
668,1533129,403
627,1533657,2493
145,1534261,1244025
283,1534418,282865
179,1534895,946662
662,1534951,680
384,1534972,118037
542,1536101,18105
391,1536666,110587
468,1536802,44796
32,1537045,7746834
25,1537637,9313044
385,1537661,114531
153,1538216,1186673
402,1538238,100641
452,1538456,56675
221,1538625,596755
101,1538852,2233187
304,1539111,233235
427,1539522,72069
550,1539769,14822
357,1539968,141163
568,1539993,10482
277,1540090,308126
481,1545279,37573
676,1545281,301
407,1545319,96448
437,1545464,66937
189,1545525,850724
95,1545901,2350029
162,1546348,1083664
566,1546516,10611
658,1546845,752
431,1546903,68819
294,1546926,250756
19,1547008,9816008
309,1547731,216018
136,1548449,1439300
413,1548476,87037
436,1548564,66976
5,1548646,18213277
21,1548860,9628410
642,1549131,1809
235,1549855,530766
106,1550047,1991302
430,1550398,69610
653,1550804,925
617,1550844,3413
470,1551057,43681
548,1551094,15380
345,1551699,149018
510,1551702,26268
184,1551765,906285
59,1552190,4076620
434,1552271,67731
509,1552566,26474
401,1552736,102056
137,1552792,1418429
664,1553186,566
267,1553289,343307
399,1553673,104930
55,1553791,4399892
641,1553794,1832
300,1553970,239950
352,1554486,143868
182,1554671,909181
250,1554823,431935
196,1555226,776974
756,1555281,1
351,1555520,143882
620,1556148,3228
581,1556663,8249
555,1557389,13664
440,1557435,64408
600,1557445,5357
633,1557448,2125
193,1557798,791386
259,1558148,380191
1,1558224,24141508
213,1559026,624936
67,1559053,3547364
376,1559309,127601
632,1559408,2177
28,1559458,8497034
501,1559511,27265
186,1559707,879685
613,1559775,3745
124,1560098,1585374
472,1560103,42031
54,1560129,4418340
58,1560266,4163292
558,1560327,13045
237,1560967,524646
26,1560998,9205592
329,1561689,171207
319,1561875,194401
752,1561902,1
129,1562043,1510546
18,1562444,9857117
68,1562765,3520226
71,1562810,3330734
337,1563020,163466
480,1563057,38120
353,1563300,143432
411,1563442,87881
29,1563952,8307288
373,1564227,130593
557,1564445,13254
514,1564519,25013
310,1564618,215361
386,1564727,113831
123,1564844,1592741
243,1565064,463154
762,1565284,1
263,1565505,363228
302,1565641,237046
146,1565705,1236888
602,1565804,5304
521,1565902,23103
325,1566024,184027
83,1566026,2803722
515,1566063,24935
104,1566097,2078031
9,1566168,11794067
483,1566185,36009
133,1566225,1467472
215,1566257,611739
743,1566275,4
113,1566404,1761190
314,1566425,214682
47,1566540,5122518
282,1566618,283935
122,1566734,1612971
493,1566816,29987
442,1567121,63202
666,1567177,515
380,1567283,121809
306,1567312,221531
619,1567373,3239
457,1567398,54961
545,1567456,17612
56,1567466,4280613
465,1567568,48436
192,1567626,819062
138,1567635,1402134
318,1567641,194655
120,1567763,1653434
429,1567836,70406
152,1567856,1195169
85,1567885,2656152
324,1567901,184582
508,1567939,26593
218,1567970,602521
53,1567977,4421049
159,1568034,1159219
422,1568072,76214
89,1568086,2486999
616,1568293,3497
405,1568327,97165
594,1568359,6763
580,1568518,8388
167,1568522,1017706
271,1568523,331578
392,1568530,110393
382,1568560,118827
216,1568620,610551
254,1568684,404211
205,1568726,696601
266,1568777,350860
327,1568843,178039
238,1568883,515289
591,1568898,7149
116,1568913,1699430
180,1568938,933553
335,1568939,164225
105,1568941,2067890
144,1568948,1273354
290,1569021,262341
406,1569067,96993
274,1569078,321268
285,1569097,275815
40,1569145,6275432
308,1569169,217860
6,1569178,14691272
626,1569186,2655
175,1569206,988958
245,1569225,449874
185,1569227,884635
341,1569255,159795
513,1569291,25700
435,1569338,67512
588,1569346,7616
567,1569361,10519
73,1569446,3247320
564,1569449,10995
97,1569459,2317600
757,1569463,1
96,1569471,2338728
33,1569472,7564975
51,1569485,4442415
519,1569493,23523
471,1569495,42674
320,1569627,192884
117,1569660,1666694
102,1569683,2180697
455,1569726,56576
593,1569784,6825
170,1569806,1010252
110,1569815,1830088
31,1569816,7873330
148,1569818,1218621
94,1569823,2438170
482,1569834,36673
485,1569883,35164
607,1569888,3984
158,1569918,1160090
451,1569965,57047
370,1569975,133161
659,1569979,747
346,1569988,148797
206,1569998,678320
361,1570002,138924
484,1570008,35306
78,1570011,3048313
79,1570066,3024737
226,1570068,577851
303,1570069,234887
372,1570097,132005
565,1570114,10974
194,1570141,786899
343,1570142,155260
533,1570161,20393
103,1570172,2130802
331,1570178,167913
264,1570187,361916
609,1570193,3972
323,1570207,184868
178,1570215,947319
528,1570222,21174
573,1570224,9743
622,1570239,2991
340,1570252,160759
504,1570267,26822
520,1570271,23311
650,1570293,977
349,1570295,146427
449,1570341,58396
378,1570365,125118
522,1570380,22958
292,1570386,254565
503,1570387,26900
489,1570397,33639
473,1570415,40906
276,1570423,317295
660,1570435,729
441,1570449,63549
305,1570481,224987
404,1570503,98780
425,1570543,74384
486,1570551,34593
278,1570559,307901
576,1570607,9246
646,1570611,1304
383,1570621,118576
348,1570642,146463
479,1570645,39527
453,1570648,56626
490,1570649,32633
523,1570650,22865
694,1570654,39
745,1570656,3
726,1570657,14
748,1570658,2
681,1570659,178
700,1570660,37
661,1570661,727
687,1570662,65
701,1570663,32
729,1570664,13
758,1570665,1
667,1570666,435
657,1570667,786
644,1570668,1644
665,1570675,519
689,1570688,52
551,1570707,14531
571,1570722,9952
541,1570746,18367
618,1570749,3386
631,1570762,2347
705,1570766,29
753,1570768,1
759,1570769,1
739,1570770,8
763,1570771,1
766,1570772,1
732,1570774,13
702,1570775,32
735,1570776,10
703,1570777,30
744,1570778,4
722,1570779,18
724,1570780,14
760,1570781,1
708,1570782,27
695,1570783,39
767,1570784,1
736,1570786,10
697,1570787,39
698,1570788,39
741,1570789,7
727,1570790,14
769,1570791,1
710,1570792,26
693,1570793,40
717,1570795,26
723,1570796,18
707,1570797,28
684,1570802,111
663,1570803,644
733,1570805,12
671,1570806,392
768,1570807,1
712,1570808,26
730,1570809,13
709,1570810,27
731,1570811,13
718,1570814,26
603,1570816,5054
537,1570817,19628
478,1570819,39610
728,1570824,14
682,1570826,158
669,1570829,399
720,1570831,26
711,1570832,26
750,1570833,1
688,1570835,52
755,1570836,1
754,1570837,1
734,1570839,12
725,1570843,14
764,1570846,1
714,1570848,26
715,1570849,26
691,1570850,52
738,1570851,9
746,1570852,2
699,1570854,38
706,1570855,29
696,1570857,39
770,1570858,1
713,1570860,26
721,1570861,20
674,1570862,336
704,1570863,29
679,1570864,260
692,1570865,43
716,1570867,26
761,1570868,1
740,1570870,8
765,1570873,1
589,1570876,7541
355,1570885,141754
608,1570887,3979
409,1570891,89417
651,1570947,972
527,1570953,21295
624,1570956,2794
597,1570997,6124
256,1571002,386772
275,1571048,318003
273,1571168,321571
549,1571180,15020
685,1571315,72
749,1571466,2
678,1571563,260
672,1571913,388
