791,1060,1283
426,5533,36393
510,5878,21192
572,14609,12429
733,16730,2491
494,20594,23698
937,33380,354
22,35283,2682557
836,39376,959
320,43895,76322
446,46990,31876
16,49534,3320397
170,49556,340140
321,52533,75469
668,54409,5427
987,55580,60
570,55903,12508
341,61683,63132
352,62468,60158
822,70257,1042
228,70366,177925
648,71750,6351
45,79866,1264948
882,83368,735
151,88668,376339
380,91848,48262
865,97422,784
984,103579,72
869,108831,776
512,110001,20721
126,115855,497691
996,116336,44
652,126630,6280
527,127257,18255
64,128768,942742
589,135113,10742
498,140736,23120
757,143891,1792
208,143918,230113
298,146046,94156
480,147131,25540
889,148530,668
820,149441,1054
796,163658,1258
1015,164726,6
410,168395,38891
532,170744,17132
286,171286,102034
81,172981,808868
653,175574,6127
406,178714,39934
115,179101,596826
681,179880,4820
327,180819,73183
769,181976,1537
308,183000,87103
904,191225,588
979,192277,90
305,198131,87976
113,199895,616249
1,206488,10372082
689,206527,4529
991,211383,56
715,211423,3342
620,214005,8523
160,215546,350778
230,215634,173768
666,217291,5433
111,217346,623718
89,219208,733870
711,219338,3540
46,219890,1252793
621,220609,8499
116,222157,586989
945,226602,317
122,229388,516920
307,230202,87389
423,237667,36918
625,237843,8097
138,238445,433277
595,241897,10356
84,244991,786879
750,254377,1962
177,258118,325831
462,260768,29001
450,267855,31427
75,268444,848201
626,268482,7927
195,270057,260594
607,276109,9319
295,277689,94357
586,277703,10976
155,284354,369971
331,285096,70526
345,285756,62574
206,286896,237422
712,290578,3449
989,293646,60
216,299244,197230
770,302592,1513
765,306816,1669
357,311265,58863
66,316768,939265
290,317924,99152
409,321793,38926
137,322940,433780
554,326756,15009
191,330467,273779
674,332206,5067
275,333468,117840
899,343817,619
646,345017,6427
459,347064,30042
17,351594,3162753
751,358600,1916
437,369765,33520
283,370334,109669
509,375191,22125
51,375695,1186230
77,375949,837798
458,380822,30164
250,382174,144428
342,383466,62969
946,386711,303
722,391782,2919
196,392904,259560
428,395481,36156
628,396957,7724
565,397483,13679
42,397828,1293863
505,398920,22518
914,399235,536
259,403118,133681
49,409047,1199078
194,409609,265561
966,410069,160
792,412646,1277
328,412778,72873
728,413873,2697
768,415150,1564
375,418041,51520
182,419935,296251
365,421252,55757
740,438388,2216
758,447568,1782
209,447812,224534
682,451273,4793
408,457061,39376
592,458463,10609
98,843984,659658
988,846734,60
366,848497,55028
27,849613,2112581
129,853917,483755
144,856623,393645
96,859935,667413
610,862944,8977
972,867006,131
655,874669,6048
386,877670,47552
340,878369,63634
361,879626,57005
616,882779,8611
958,888702,202
266,889787,123487
172,895861,335348
545,897175,16223
306,907998,87932
363,910466,56141
1005,913312,27
671,913793,5260
708,918083,3663
438,921366,33359
235,929772,166346
1013,933017,10
507,934246,22276
301,936718,92734
528,940738,18047
481,941661,25472
279,941663,112337
789,941692,1295
273,944382,119771
317,948378,77928
469,948544,26910
566,948967,13460
960,949447,188
484,950571,25012
190,959302,275678
313,963177,83669
163,963598,346068
213,965788,207899
551,968543,15481
530,973523,17353
142,973621,395551
1011,977637,13
112,983658,623467
504,985197,22544
842,986360,921
849,989469,846
233,990907,170037
97,993022,660880
187,993461,294000
269,995518,122086
85,997060,774675
471,999686,26625
650,1003862,6305
568,1005059,12695
467,1007177,27612
118,1016075,547269
433,1017352,34325
922,1017355,473
21,1018949,2807207
356,1025905,59083
388,1043579,45693
501,1043671,22981
255,1053650,141427
571,1054814,12470
1004,1057430,30
158,1062004,356774
633,1063417,7284
245,1068183,149086
70,1072551,889878
202,1080969,246252
226,1085201,181960
419,1085599,37637
90,1089288,718691
971,1096966,133
400,1104502,41723
260,1105757,133343
766,1108049,1611
617,1115883,8589
748,1125874,2009
578,1129845,11979
262,1130600,129544
173,1131801,331841
268,1134421,122645
430,1136043,35763
71,1136946,889634
225,1137727,183737
425,1143140,36578
453,1153702,31183
387,1154989,45843
860,1160582,816
746,1162435,2116
439,1162575,33357
490,1172527,24406
826,1177645,1032
252,1179980,143625
629,1182731,7573
318,1192409,76546
153,1192476,371868
294,1195487,95335
581,1196618,11829
596,1197536,10299
710,1204421,3574
378,1206999,48875
185,1208187,295063
167,1208849,341893
541,1211035,16623
936,1212832,355
866,1213951,784
611,1215162,8826
837,1216342,952
30,1220580,1855237
14,1220600,3620584
451,1221700,31287
654,1226905,6064
932,1229319,392
832,1231173,1000
700,1231952,4068
132,1233032,472689
40,1239855,1360918
659,1239982,5795
637,1240608,6892
55,1241916,1052713
358,1248772,58597
197,1255756,253946
38,1259363,1536322
143,1261313,395110
135,1261633,436804
557,1262496,14684
543,1263711,16385
907,1264472,584
80,1264481,813499
1008,1264675,23
106,1266262,633357
223,1266857,186699
412,1266911,38653
217,1268705,193849
395,1268781,43242
280,1270553,111747
224,1270968,184307
486,1271739,24528
329,1272272,71872
355,1274094,59240
105,1275855,634548
101,1277716,651651
180,1277777,307047
606,1279891,9487
539,1279904,16719
489,1285247,24408
553,1287499,15048
152,1287528,371885
372,1287639,51935
813,1287846,1105
519,1288854,19248
665,1288935,5459
32,1288973,1799958
643,1288987,6651
278,1289315,114337
5,1290228,4448512
526,1290564,18303
183,1291948,295365
573,1295477,12425
456,1296725,30360
149,1297273,378402
521,1304474,18962
830,1306476,1010
169,1307774,340688
781,1308954,1401
562,1312722,14171
218,1313766,191890
94,1318502,691391
698,1320143,4106
198,1321914,253202
709,1324201,3663
954,1326552,250
619,1327541,8561
742,1330632,2198
640,1331309,6783
362,1335463,56868
281,1337259,110862
993,1337816,48
392,1341079,43714
124,1342069,512359
683,1342185,4752
134,1343530,438182
478,1343637,25652
37,1351642,1599439
28,1353100,2006627
222,1353371,188279
146,1354623,387180
379,1354679,48376
544,1356499,16237
717,1357021,3233
393,1358219,43574
546,1362032,16068
743,1363625,2197
237,1363818,159198
705,1367734,3825
391,1369884,43728
525,1370594,18440
3,1372183,4754324
691,1373791,4516
315,1374337,78921
909,1377867,576
599,1380330,9977
44,1381065,1279528
641,1381647,6714
950,1383783,275
756,1384392,1821
786,1384962,1327
330,1385198,70943
68,1385319,910733
442,1385658,32530
969,1385678,146
473,1386201,26176
311,1389863,84426
127,1392950,496003
276,1394615,116788
322,1397789,75255
220,1398162,189410
540,1399133,16641
12,1399469,3743083
1000,1400840,39
463,1402322,28440
719,1403213,2987
411,1404626,38879
50,1412870,1192989
270,1413483,121180
535,1415094,16894
1006,1416017,26
940,1417398,339
36,1419226,1607399
492,1423628,23842
154,1428310,370509
662,1431293,5662
238,1433736,158753
475,1439865,26089
148,1440873,382452
292,1441377,98591
424,1443757,36859
555,1447681,14944
29,1447726,1937318
930,1451299,399
31,1451865,1806258
13,1452820,3629810
664,1452912,5480
211,1453056,215841
575,1453786,12237
147,1454272,386546
100,1457356,653909
289,1458029,99580
145,1459133,391512
703,1459714,3944
844,1460056,919
253,1460420,142465
11,1461202,3812426
814,1462506,1103
150,1462529,378370
491,1462826,24265
787,1462938,1326
256,1462941,141338
91,1463067,715745
591,1463304,10636
685,1464551,4698
452,1464895,31258
856,1465139,831
744,1466642,2153
176,1467209,327179
119,1468188,536894
288,1472355,100753
390,1474069,43752
1002,1474983,36
476,1475653,25918
302,1478212,92227
6,1479381,4209594
924,1482443,465
383,1482452,47735
399,1482858,41992
564,1483432,13686
69,1483711,909480
985,1483879,67
771,1485635,1490
720,1485855,2978
402,1486984,41223
670,1487000,5278
443,1488750,32407
2,1489202,5269608
474,1493034,26137
938,1494095,354
413,1495762,38526
534,1496102,16902
853,1496661,838
414,1498279,38493
181,1498897,305772
43,1499010,1289719
944,1499742,326
26,1499951,2123358
192,1500491,269576
978,1501767,102
632,1501905,7308
367,1502601,53870
529,1502794,17421
461,1502972,29260
271,1503284,120640
257,1503756,139597
168,1504376,340856
977,1504846,103
684,1505660,4710
885,1506090,687
894,1506376,652
464,1506691,28361
243,1507207,152044
961,1508004,183
389,1510669,44307
123,1510818,513260
580,1510872,11904
104,1510946,637173
870,1511274,772
261,1511456,131549
672,1511923,5181
647,1513073,6384
159,1513130,351054
157,1513153,360546
723,1513164,2873
716,1513213,3334
587,1513552,10954
479,1515049,25596
285,1515833,103294
779,1515995,1414
205,1516051,238175
559,1516915,14350
83,1517305,788990
673,1517846,5159
296,1517957,94320
263,1518166,126757
130,1518410,478935
801,1518539,1223
309,1520040,86895
33,1520074,1769032
333,1520128,69743
72,1521688,868530
738,1521848,2332
336,1521895,66639
576,1521940,12143
803,1522004,1200
536,1522638,16754
436,1523922,33657
1018,1524042,1
7,1524212,3997983
514,1524788,20423
60,1524836,995542
200,1525242,251959
449,1525310,31557
141,1526218,406331
967,1526245,149
656,1526383,6040
171,1526528,338187
495,1526531,23455
440,1526850,33137
706,1528091,3741
923,1528106,466
133,1528462,471750
323,1529085,75173
921,1529145,474
933,1529945,384
584,1530130,11285
582,1530179,11712
67,1531569,918805
62,1531751,993511
109,1531781,630732
485,1532016,24798
131,1532041,473229
34,1532264,1756307
229,1532275,174238
337,1532752,64315
274,1532919,118069
324,1533657,74830
531,1533750,17328
818,1534418,1071
242,1534422,152931
630,1534679,7403
976,1534895,116
767,1534951,1608
354,1534972,59245
608,1534987,9235
293,1535035,98431
953,1535937,259
343,1536101,62958
981,1536181,86
533,1536325,17126
579,1536666,11934
164,1537010,345878
523,1538238,18824
360,1538456,57650
249,1538572,145524
724,1538852,2811
346,1539111,62085
466,1539522,27729
876,1539769,756
432,1540090,34838
376,1544833,50949
25,1545137,2490617
384,1545448,47670
588,1545464,10858
999,1545704,39
325,1545773,74511
1017,1545845,1
120,1546049,536445
503,1546493,22795
773,1546516,1483
339,1546926,63873
970,1547007,144
741,1547008,2199
207,1547023,233183
264,1547269,126603
86,1547494,757357
74,1547731,860432
203,1547996,240105
975,1548183,118
590,1548476,10697
175,1548564,327592
422,1548578,37000
1009,1548646,18
186,1549130,294225
997,1549204,42
4,1550398,4499874
645,1550496,6470
189,1550501,276473
140,1550804,409756
634,1550844,7185
156,1551330,361962
675,1551702,5031
15,1551765,3578969
850,1552030,842
973,1552190,125
371,1552562,51985
465,1552566,27945
506,1553051,22472
916,1553137,520
335,1553434,66794
88,1553673,752998
962,1553791,173
718,1553964,3228
477,1553970,25824
520,1554137,19186
597,1554269,10167
982,1554377,80
370,1554671,52514
234,1554823,169019
272,1555520,120483
9,1556047,3864678
563,1556148,13764
10,1556334,3861319
300,1556629,92819
623,1556663,8227
959,1556856,193
905,1556892,588
193,1557020,267777
236,1557389,161681
730,1557445,2605
912,1557777,540
508,1557866,22163
726,1558148,2716
635,1558224,7082
373,1558672,51908
344,1559357,62730
121,1559408,517565
736,1559458,2370
704,1559502,3848
601,1559548,9931
79,1559638,816065
435,1559707,33826
201,1559959,249958
816,1560074,1098
939,1560098,350
627,1560103,7821
488,1560205,24414
351,1560327,60300
445,1560338,31997
110,1560967,627754
602,1560993,9925
8,1560998,3956857
349,1561097,61023
227,1561207,180897
964,1561305,170
802,1561503,1205
957,1561689,208
161,1561821,349275
824,1561902,1034
511,1562417,21049
347,1562423,62009
537,1562583,16742
622,1562653,8379
24,1562786,2502388
416,1563020,38331
603,1563057,9747
460,1563495,29747
593,1563695,10473
312,1563835,83803
63,1563972,972923
524,1564227,18556
454,1564347,30542
184,1564361,295066
697,1564445,4111
54,1564519,1089325
690,1564618,4524
542,1564929,16569
61,1565064,995383
732,1565155,2547
448,1565178,31622
549,1565368,15672
47,1565505,1204759
955,1565622,244
931,1565702,392
326,1565705,73763
338,1565804,64292
385,1565843,47573
215,1565855,201932
493,1565902,23793
749,1566016,1986
604,1566024,9686
901,1566052,615
166,1566100,343643
577,1566168,12022
221,1566215,189081
397,1566257,42406
35,1566275,1729223
48,1566425,1199678
332,1566470,70180
879,1566502,744
59,1566540,995657
41,1566618,1324912
95,1566644,682461
517,1566781,19540
600,1566816,9933
778,1566840,1422
667,1566882,5427
299,1566927,93378
23,1567050,2579144
729,1567121,2672
128,1567213,484436
103,1567238,642788
282,1567283,110053
669,1567287,5297
53,1567314,1092069
92,1567398,710805
468,1567449,27430
108,1567458,632099
567,1567503,12937
114,1567557,613591
136,1567568,434448
316,1567641,78524
20,1567663,2816820
612,1567671,8821
117,1567810,584863
398,1567836,42030
139,1567856,428029
434,1567901,34049
714,1567933,3402
240,1567939,155604
214,1567948,203208
594,1567977,10440
547,1568077,15796
455,1568197,30494
39,1568293,1411933
350,1568327,60870
403,1568437,40745
199,1568441,252075
952,1568518,262
980,1568522,89
102,1568523,646228
247,1568530,148160
303,1568560,92139
868,1568596,776
447,1568598,31706
374,1568663,51729
297,1568672,94249
613,1568684,8812
636,1568724,6932
806,1568726,1164
204,1568739,238738
212,1568757,212866
248,1568787,145715
93,1568836,703917
649,1568843,6321
990,1568861,58
739,1568913,2284
658,1568938,5912
401,1568939,41696
502,1568948,22908
319,1568949,76450
538,1569014,16723
431,1569021,34873
754,1569035,1843
56,1569067,1043291
692,1569078,4456
19,1569095,3006874
500,1569115,23034
699,1569178,4091
583,1569225,11576
277,1569291,114584
219,1569292,189684
441,1569343,32646
556,1569346,14898
638,1569347,6860
241,1569361,154711
58,1569471,1004189
764,1569472,1690
694,1569493,4310
513,1569495,20584
246,1569496,148483
78,1569660,816326
267,1569670,123371
707,1569785,3673
76,1569801,840067
179,1569971,308651
244,1569975,149854
52,1569988,1138467
418,1569998,37647
210,1570008,216036
421,1570010,37009
898,1570011,637
369,1570114,53142
614,1570142,8796
265,1570186,123703
663,1570193,5583
444,1570207,32259
998,1570224,40
483,1570225,25174
258,1570239,135442
304,1570248,89302
1007,1570252,26
87,1570270,756363
727,1570271,2715
165,1570306,343650
107,1570351,633008
522,1570427,18938
287,1570447,100908
284,1570471,104694
696,1570472,4146
676,1570616,5018
162,1570625,347713
239,1570642,158467
404,1570649,40679
251,1570650,143895
605,1570653,9657
794,1570654,1268
598,1570655,9993
686,1570656,4673
983,1570657,77
807,1570658,1161
857,1570659,830
793,1570660,1271
804,1570661,1192
642,1570662,6654
935,1570663,369
872,1570664,769
561,1570665,14188
809,1570666,1149
762,1570667,1755
812,1570668,1107
497,1570669,23167
877,1570675,750
394,1570688,43527
407,1570710,39860
892,1570766,656
839,1570767,929
838,1570768,947
913,1570769,536
902,1570770,594
968,1570771,147
880,1570772,742
833,1570774,995
827,1570775,1032
871,1570776,772
896,1570777,646
745,1570778,2146
783,1570779,1375
919,1570780,482
788,1570781,1319
761,1570782,1755
843,1570783,919
798,1570784,1253
817,1570785,1072
911,1570786,543
828,1570787,1027
918,1570788,500
859,1570789,828
926,1570790,431
875,1570791,761
777,1570792,1429
925,1570793,436
639,1570794,6811
759,1570795,1778
752,1570796,1895
825,1570797,1033
795,1570798,1261
774,1570799,1462
888,1570800,670
755,1570801,1824
949,1570802,277
846,1570803,887
927,1570804,430
855,1570805,832
731,1570806,2578
906,1570807,586
799,1570808,1249
928,1570809,420
915,1570810,527
852,1570811,839
811,1570812,1134
776,1570813,1451
763,1570814,1710
887,1570815,673
18,1570819,3020392
760,1570824,1777
903,1570825,592
784,1570826,1350
785,1570827,1342
845,1570828,908
808,1570829,1153
775,1570830,1453
624,1570831,8108
737,1570832,2332
883,1570833,729
908,1570834,582
841,1570835,923
864,1570836,793
772,1570837,1484
910,1570838,546
861,1570839,809
851,1570840,839
782,1570841,1396
800,1570842,1226
867,1570843,777
929,1570845,420
701,1570846,3986
780,1570847,1409
797,1570848,1253
854,1570849,837
858,1570850,829
829,1570851,1026
951,1570852,272
886,1570853,680
713,1570854,3417
831,1570855,1001
815,1570856,1103
834,1570857,982
863,1570858,798
963,1570859,171
821,1570860,1052
847,1570861,857
917,1570862,516
943,1570863,327
840,1570864,925
819,1570865,1059
881,1570866,739
884,1570867,725
862,1570868,808
835,1570869,981
893,1570870,656
895,1570871,650
810,1570872,1144
790,1570873,1288
734,1570876,2489
550,1570885,15555
125,1570919,509004
897,1570923,640
82,1570927,806311
57,1570944,1027593
661,1570953,5714
874,1570956,762
956,1570958,234
615,1570972,8773
470,1570977,26804
688,1570988,4542
518,1570989,19394
65,1570997,942022
368,1571010,53395
232,1571025,170541
552,1571027,15385
747,1571034,2028
188,1571035,293477
178,1571051,321581
174,1571061,330277
609,1571067,9148
254,1571068,141784
73,1571077,866381
1014,1571088,9
377,1571091,50150
487,1571099,24516
560,1571106,14331
310,1571110,84966
99,1571111,659458
382,1571113,47804
657,1571134,5991
677,1571143,4964
618,1571145,8578
569,1571156,12647
381,1571166,48023
496,1571167,23306
515,1571173,20054
516,1571178,19636
417,1571179,37714
472,1571180,26440
499,1571193,23069
457,1571216,30184
873,1571219,765
994,1571221,46
644,1571223,6648
679,1571227,4870
942,1571239,329
405,1571240,40364
348,1571246,61448
805,1571252,1191
482,1571255,25321
574,1571257,12318
585,1571261,11106
651,1571270,6282
948,1571271,297
231,1571276,172917
429,1571277,35935
890,1571278,663
660,1571280,5723
396,1571284,43151
314,1571288,80496
427,1571290,36350
359,1571304,58229
558,1571305,14590
334,1571320,69208
986,1571331,62
702,1571334,3973
678,1571335,4902
415,1571344,38475
735,1571351,2460
823,1571352,1041
848,1571356,848
687,1571360,4619
965,1571364,163
920,1571376,478
995,1571380,46
291,1571382,98730
721,1571396,2954
947,1571406,300
900,1571421,616
680,1571424,4832
941,1571431,331
631,1571436,7349
548,1571468,15781
992,1571474,55
753,1571483,1855
353,1571516,59337
725,1571521,2777
693,1571526,4383
891,1571528,657
878,1571532,746
934,1571537,375
420,1571538,37143
364,1571540,55994
695,1571542,4223
1012,1571558,12
1010,1571600,14
1016,1571664,4
1003,1571754,34
1001,1571825,38
974,1571932,119
