1060,MarCee76,76,2,6008,353
5533,danna,0,1,972,711
5878,smart,0,1,1697,589
14609,pirosgolf2,8,3,3467,445
16730,sopisiklos,0,1,2321,522
17571,kimike,0,1,26,1011
20594,bigboy,0,1,939,716
33380,efraim31,0,0,0,1085
35283,Ned+Stark,37,69,548343,20
39376,gabezx,121,1,546,791
43895,Misanthrope,0,5,18072,220
46990,turul79,222,12,61646,121
49534,J%C3%B3zsef+atya,37,158,1222009,2
49556,satyi,0,1,216,892
52533,fekastreat,121,4,10342,278
54409,bakati,152,1,4001,423
55580,berosalok,329,1,882,728
55903,horgyu,222,6,27887,176
61683,devike,0,0,0,1086
62468,Lasley,121,1,2239,529
70257,bodirozalia,0,1,1336,639
70366,Temple,222,15,88967,99
71750,Jimmy1,222,12,46122,137
79866,csicsonka,307,100,719123,11
83368,Kuburbuki,0,1,1085,692
88668,kobiak,0,1,2541,499
91848,kati70,8,1,1932,556
97422,joconnor,287,1,1505,612
103579,kicsitalp,0,1,1131,677
108831,MrSigma,7,2,5215,368
110001,wistula,0,1,1926,559
115855,Mad+Max73,30,14,102785,86
116243,sx32,0,1,157,919
116336,monalizus,114,1,213,889
126630,Lesoharcsa,11,3,11919,263
127257,%3DCAESAR%3D,222,5,24565,189
128768,yoniy,37,60,343997,34
135113,smiagor,0,3,3997,417
140736,mocsokmaci,128,1,3507,443
143891,ipasztor7,0,1,7190,330
143918,birtex,59,1,2807,486
146046,toyo,24,19,91807,98
147131,Leplesbitang,0,1,2897,477
148530,Solymy,67,1,5239,366
149441,mezoke,0,1,3460,454
158307,-Revolution-,0,1,26,1012
163658,csaba36,0,1,510,799
164726,gyhernadi,8,2,5468,362
166807,bpcsaba,0,1,801,746
168395,Iano,0,1,557,787
170744,rommel28,0,1,1714,585
171286,Cemi,0,0,0,1087
172981,armillaria,307,32,169351,66
175574,Yendorian,263,6,13750,249
178714,Bili,9,1,1127,680
179101,Pocok7,307,53,250771,45
179880,Szellem+Gyilkos,222,1,1091,689
180819,Red+Skull,222,9,31974,162
181976,zolii69,8,2,4744,383
183000,hajduk,0,2,3290,456
191225,kacsak,0,1,1219,663
192277,lordmark,327,1,493,809
198131,Zitus22,0,3,4409,400
199818,53+41+59+48+49+20+3A+29,0,1,26,1013
199895,csibesz,0,1,2275,527
206488,%3DUnstoppable%3D,37,216,1733893,1
206527,Korpia,152,1,1386,630
211383,Sycorax,0,1,135,932
211423,soma1108,20,1,4465,396
214005,myasthenia,227,2,6645,344
215546,eaglestone,222,3,7603,323
215634,vihar+a+biliben,0,3,2660,491
217291,fatter,0,1,1309,645
217346,zsigmond35,30,34,202005,58
219208,Messi81,0,1,26,1014
219338,Bankana,0,1,1179,670
219890,crazy+froog,0,3,9087,302
220609,titusz59,0,1,158,917
222157,daredevil95,219,26,166113,67
226602,pittyu44,0,1,301,856
229388,ervin+the+king,59,21,66551,116
230202,elaci72,121,2,3708,432
237667,stefi007,8,2,5908,355
237843,KomiszKumisz,262,1,1391,629
238445,The+Paring,0,0,0,1088
241897,fegyenc,137,1,870,727
244690,Odin92,0,1,26,1015
244991,molnarhutes,325,12,82330,107
254377,doky76,0,4,9014,305
258118,pisti1970,113,2,2491,502
260768,Imperial4,20,1,232,882
267855,Sir+Spangli,0,1,427,820
268444,zsemlemorzsa,30,19,118391,82
268482,Mz250,8,0,0,1089
270057,miklos52,0,2,2854,482
276109,tigur,268,6,15228,239
277689,menephta,0,1,1951,553
277703,lacus6600,317,2,5293,365
284354,zalan94,24,4,7636,324
285096,holland2,8,1,2941,474
285756,Csaba10000,0,1,2285,526
286896,-Ted,0,2,6796,339
290578,oreg0501,8,6,8086,315
293646,tomcsi110,0,1,210,891
299244,Szeloke,0,1,1126,681
302592,zsupika,13,1,641,774
306816,csipilaci,0,1,1327,642
311265,JosefII,0,0,0,1090
316768,Raul20,30,12,92171,96
317924,Beeboy72,0,0,0,1091
321793,csiki1953,281,7,30879,164
322940,norbifoci96,24,1,1998,547
326756,petike111,20,1,1611,599
330467,szekelyembor,97,1,654,770
332206,krisz71,0,2,5608,360
333468,nyulas69,268,1,1780,577
336531,maggie53,0,1,142,927
343369,khira,0,1,4837,380
343817,Ravaszbanya,0,1,619,776
345017,mazsi6691,0,0,0,1092
347064,%2Aekibbit%2A,0,0,0,1093
351594,NewSpirit,37,39,292938,38
358600,csaaby,0,1,685,767
369765,relace25,222,3,11620,265
370334,edneb,44,1,502,802
375191,b-Mike,0,1,1641,595
375695,turul64,325,21,144581,71
375949,KingGimii,30,34,120582,81
380822,kopika68,0,1,593,780
382174,aty103,287,6,16296,226
383466,josagos69,24,3,15989,231
386711,manex,0,1,378,831
391782,rob11,268,3,9942,282
392904,sosi21,24,2,7010,334
395481,szorfdeszka,8,1,887,723
396957,Hopp,0,1,3583,439
397483,mcdoglesz666,0,1,370,834
397828,pg008,316,7,39084,150
398920,Eddy1975,0,2,3352,453
399235,Felix+Da+Rules,0,1,463,814
400737,%3DThe+Governor%3D,0,1,26,1016
403118,Josy23,59,15,75893,111
409047,Zeux,307,30,261352,41
409609,johnyi,30,25,129355,74
410069,bazi86,27,1,554,788
412646,Moldik,7,0,0,1094
412778,peti1025,36,2,2050,543
413873,Don.Condor,0,1,758,752
414843,csizikb,0,1,800,747
415150,levivagyok,0,1,54,999
418041,nolan,76,0,0,1095
419935,Darth+Azard,30,2,10692,273
421252,x+menfalva,0,1,2364,515
438388,Reberner,0,1,550,789
447568,Shere+Khan,0,5,42003,145
447812,csirke5000,121,9,42718,144
451273,cerbius,222,4,9224,298
457061,atusguma,287,1,2569,497
458463,Executer,24,4,10014,281
843984,Cuberci,325,57,323044,36
846734,Tigris1974,0,1,995,709
848497,dome75,0,1,2630,492
849613,-Deadpool-,307,52,391788,29
853058,botond34,0,1,517,796
853917,madzag7,97,7,64981,117
854997,-NooBLeadeR-,0,1,26,1017
856623,Utcai+Harcos,307,18,109459,83
859935,Dencu,0,8,49949,132
861656,szat,0,1,157,920
862944,bircsi,11,1,85,982
866923,Manami,0,1,112,958
867006,sako1,200,1,1586,601
874669,pamacs1,0,1,438,819
877670,Brumi+Maci,13,2,6802,338
878369,celaa,8,3,5310,364
879626,troja1986,8,2,10479,275
882779,alexandrosz+88,0,1,1187,667
888702,sonicx,0,1,419,824
889787,zolax86,219,4,29030,169
895861,achkou,24,5,25649,184
897175,Baja1,8,5,22132,199
907998,tarpai,268,18,74185,112
910466,lacko36,8,1,2446,507
913312,sunyisuhi,0,1,832,739
913793,rmarika,8,6,11029,269
915376,Dani20000130,0,1,26,1018
918083,atom+ant1,0,1,249,875
918700,S212,0,1,26,1019
921366,maci001,20,1,251,873
929772,giorgio74,97,5,15930,232
933017,Wolfman09,11,1,1694,590
934246,lovagfajzat1995,271,1,1787,576
936718,ixi12,76,1,866,730
940738,honpi7,7,1,248,876
941661,hota2,0,1,446,816
941663,BENOVIRAG,0,2,2230,531
941692,pekkalusa,0,4,6832,336
944382,forsaken,0,12,69805,113
948378,dlaci81,121,0,0,1096
948544,gobepista,110,1,2197,534
948967,Ny%C3%BCsszenty%C5%B1,24,13,82908,106
949447,joe78,137,1,535,793
950571,djtop10,7,3,14472,243
959302,imazs,0,4,8297,313
963177,enzo67,268,7,15922,233
963598,kaszparzoli,75,2,2340,520
965788,edes,24,11,60208,124
968543,pecku,0,0,0,1097
973523,erikkiraly,0,0,0,1098
973621,Gannini,0,2,1643,593
977637,titkosk%C3%B6nyv,0,1,1196,665
983658,FreeX,316,5,7108,332
985197,szoszi1983,242,1,575,783
986360,Enygma,0,0,0,1099
989469,turorudi1,268,1,4024,415
990907,zlotar,0,2,1699,588
993022,attila111111,307,34,301144,37
993461,%3DCHAMPION%3D,331,1,246,877
995518,albert6767,268,4,3878,422
997060,d+szabmen,219,19,128838,76
999686,ronaldonorbi,0,0,0,1100
1003862,titan11,0,0,0,1101
1005059,Nightshadow,7,3,7856,320
1007177,prplus,200,7,18836,214
1016075,addamm94,0,0,0,1102
1017352,josolo,0,1,1280,651
1017355,antaltomi80,309,1,363,837
1018949,Kareka,219,101,661589,14
1025905,kimi0113,222,9,32125,161
1043579,moresz,0,1,1234,661
1043671,MMMEX,0,4,19276,212
1046117,ELITE0100,0,1,26,1020
1053650,kisacsa,24,4,9462,291
1054814,akella+13,0,0,0,1103
1057430,St.+Joachim,0,1,490,808
1058145,bArNNNi25,0,1,26,1021
1062004,mati80,222,14,62291,120
1063417,Shifty,76,3,9351,294
1063735,wakawaka00700,0,1,48,1005
1068183,zeteny05,265,0,0,1104
1072551,defen,0,3,493,807
1080969,whiskey1994,0,2,4950,376
1085201,kobra53,325,38,218370,55
1085599,lorant67,0,4,13535,251
1089288,Lord1984,219,17,102531,87
1096966,S%C3%ADr+William+Wallace,311,1,1975,551
1099165,Moomba,0,1,26,1022
1104502,Flassh,0,2,3660,435
1105757,bewitching+witch,325,18,82155,108
1108049,frosty36,11,1,5354,363
1115883,taktak,0,2,3430,450
1118778,tothsunyi,0,1,79,985
1125874,ASD001,0,1,272,867
1129845,deltaforsc,137,4,15267,240
1130600,bratyo73,268,5,9069,303
1131801,jonni-fiu,268,16,100526,89
1134421,lorghino,0,1,2366,514
1136043,hubicsek,0,1,807,744
1136946,fakro,219,47,266731,40
1137727,stalo,0,2,3284,460
1143140,strong77,0,1,138,928
1153702,m%C3%A1t%C3%A90415,0,1,2989,469
1154989,Tedy+Szno,30,15,59935,125
1158463,Neron,24,1,3372,451
1160582,mr.samu,0,0,0,1105
1162435,rozsdaboglya11,9,5,8625,308
1162575,ekosz,0,0,0,1106
1172527,Mdavid-15,121,2,2275,528
1175280,%3DSmoothiE%3D,0,1,26,1023
1177645,maxiking6,0,1,4164,407
1177678,geni996,287,1,420,823
1179980,klanhaboru16,316,6,29307,168
1181503,szilike007,0,1,26,1024
1182731,Imre970718,8,4,7773,321
1189242,joci40,0,1,171,909
1192409,ej300,113,1,8765,307
1192476,misa2468,24,15,85285,101
1193509,zalan399,0,1,26,1025
1195487,mili12,0,3,4904,378
1196618,Falu81,0,0,0,1107
1197536,-Dark+horse-,0,0,0,1108
1204421,juhika,268,1,1524,608
1206999,P%C3%A1L-inka,0,1,2462,505
1208187,creepy,268,31,209727,57
1208849,%3DAfter%3D,0,2,7167,331
1211035,Zolika84,200,1,1873,566
1212832,dobos532,0,1,787,750
1213951,Felfallak,14,1,3727,430
1215162,Nightcode,0,1,26,1026
1216342,%3DGhost%3D,0,1,387,830
1220580,0KexX0,307,52,449244,22
1220600,rszasz,219,124,835520,4
1221700,bila,289,1,835,738
1226905,damian21,222,2,7371,326
1229319,andras1966,0,1,2342,519
1231173,laci19991,222,2,10585,274
1231952,fare0505,0,0,0,1109
1233032,LeoTomiKille,113,7,15730,235
1239855,alexkenjii,37,89,590986,17
1239982,Sheper,0,1,5830,356
1240608,gasampu,0,6,22897,197
1241916,gergorivne,219,45,234484,50
1248772,hellmachine666,268,12,33458,158
1255756,Pr%C3%B3p%C3%A1l%C3%B3,24,1,193,896
1259363,dpl001,113,30,227909,53
1261313,darkserold,59,1,3434,449
1261633,Puszt%C3%ADt%C3%B3.,24,8,39493,149
1262496,marcsika01,242,1,656,769
1263711,II.Arsenal,0,1,26,1027
1264472,t%C3%B6rpene,0,1,471,812
1264481,Andris93,3,1,1277,652
1264675,lancsi,7,1,26,1028
1266262,csabarinusz,24,16,100461,90
1266275,rockafella,0,1,362,838
1266857,unatkozom,8,5,21422,202
1266911,rylwes,20,0,0,1110
1268705,-L%C3%B3ri7-,0,0,0,1111
1268781,uz08,0,0,0,1112
1270553,fapuma-1,0,0,0,1113
1270968,Elphalpo007,200,7,15402,237
1271739,JustTryIt,222,6,18531,218
1272272,nagyhaj1001,30,16,61885,122
1274094,vajzerbacsi,200,4,5495,361
1275622,%3D+Good+Memories+%3D,0,1,26,1029
1275855,wincee17,24,14,92323,95
1277716,Manntaron,307,33,252781,43
1277777,roland0098,3,4,28178,173
1279891,djdobi,0,3,15264,238
1279904,robert1978,0,1,187,899
1285247,Mika1991,0,2,1708,586
1286552,NiRy,0,1,26,1030
1287499,pachira2,97,1,694,764
1287528,Manmartin,0,0,0,1114
1287639,-Living+Dead-,328,1,1986,549
1287846,Ata79,8,1,3639,436
1288854,szilimok,0,0,0,1115
1288935,szornyike,0,2,3459,446
1288973,cash..,307,32,240572,48
1288987,erdesz013,0,1,609,779
1289315,kissanyi70,307,18,124289,77
1289516,Space,0,1,1097,685
1290228,%3DDarth+Kabala%3D,37,93,734519,10
1290564,-CrzyKelo-,0,0,0,1116
1291948,grant12,0,0,0,1117
1293205,muci,0,1,1179,671
1295477,alvez%C3%A9r,222,7,11994,262
1296437,GreenCatHun,0,1,26,1031
1296725,esa95,222,6,28255,171
1297273,-tsipoefhewzoe-,219,37,248242,46
1304474,zw%C3%B6lfi,20,1,1282,650
1306323,SINISTER,0,1,238,880
1306476,Drogo,200,0,0,1118
1307774,Koffy.,219,23,123075,79
1308173,djokovic32,0,1,94,972
1308954,karesz34,0,2,3446,448
1312722,diRicheron,0,1,2288,525
1313766,LeopardBC,0,0,0,1119
1318502,Whitechapel,24,21,150181,70
1320143,warlordadi,268,1,524,795
1320262,hahii,0,1,129,936
1321914,F%C3%BClike197310,0,0,0,1120
1322458,sikztah,0,1,26,1032
1322843,R.+Daneel+Olivaw,0,1,4052,412
1324201,slywer,0,1,441,818
1326552,jimiba19,0,2,4396,401
1327225,ropii,0,1,26,1033
1327541,Waryk,130,0,0,1121
1330632,magyul,287,0,0,1122
1331309,tauri22,268,5,21354,204
1335463,samsung1971,0,0,0,1123
1337259,Tib34,268,4,4533,393
1337816,nuewo,74,1,287,861
1340197,Quattro,0,1,26,1034
1341079,laccyz,140,1,2627,493
1342069,%2AChainsaw,307,15,129078,75
1342185,muszajdzseki,227,1,907,720
1343530,Freendy,219,26,183324,62
1343637,Sir+Anto%C3%A1n+de+la+F%C5%91s%C3%A9fb%C3%A1,24,4,24950,187
1346838,Aedilis,0,1,94,973
1349668,pi-pe,8,1,126,943
1351642,Marrow,0,8,41708,146
1353100,%3DH%C3%A1rom+Test%C5%91r%3D,219,55,346512,32
1353371,Pamap,0,5,12594,257
1354623,Beartok,8,9,27858,175
1354679,Park+Su,0,3,4453,398
1356499,darius96,222,1,1829,572
1357021,%C3%81ramsz%C3%BCnet,0,1,1128,679
1358219,Korum,0,0,0,1124
1362032,fenesdavid,0,1,26,1035
1363625,TSKI,0,1,1210,664
1363818,-Via-,0,0,0,1125
1367734,elbandi64,0,1,1764,579
1369884,simex1994,24,1,161,913
1370594,Szekerce,35,1,2300,524
1372183,%3DDiiegox%3D,219,91,739622,9
1373791,kofic0740,0,1,1434,621
1374337,P%C3%B6pecman%C3%B3,8,3,14053,246
1377867,Dragon0625,0,1,2395,509
1380330,Ursus01,0,2,4226,405
1381065,Dj+Clown,37,68,438412,24
1381282,molnarjeno99,281,1,1239,658
1381647,Chester95,0,1,2343,518
1383783,supernyuls,0,1,2970,472
1384392,Hunter2024,0,1,580,782
1384962,dani+d,0,1,464,813
1385198,Twiny,0,1,593,781
1385319,A.K.44,30,18,171172,65
1385658,avin3,268,1,258,871
1385678,Tiger,15,1,2584,495
1386201,laci7,0,1,406,827
1389863,kegyetlen+harcos,0,1,101,967
1392950,brazil71,316,2,1723,583
1394615,Arno+Victor+Dorian,0,0,0,1126
1397789,tepecske,0,1,26,1036
1398162,%3DConstantine%3D,30,27,91966,97
1399133,%3Dunderworld%3D,0,0,0,1127
1399469,Rinnen,37,112,793317,5
1400840,L%C3%B3pici+G%C3%A1sp%C3%A1r,184,1,1455,619
1402322,1200kik,0,0,0,1128
1403213,k-e-x,0,1,1398,628
1404626,Dash2000,152,1,26,1037
1412870,zsolacsoki,307,50,396903,28
1413483,Wudu,200,1,538,794
1415094,sziszi72,0,1,826,741
1416017,Hexx,0,1,50,1003
1417398,%2AMicrosoft%2A,334,1,2620,494
1419226,mentamaki,0,1,26,1038
1419762,ErwinRommel,0,1,26,1039
1423628,anonim+rasta,0,0,0,1129
1425881,The+Fusion,0,1,26,1040
1428310,I.Khiri,24,2,7376,325
1431293,M%C3%A9ri,268,7,19225,213
1432543,Danci1996,200,4,16030,230
1433736,abalazs77,121,5,12310,260
1435498,Leaina,76,3,4679,387
1435843,kalandor999,289,1,408,828
1439865,Megingj%C3%B6rd,13,1,1511,611
1440873,Csongor95,307,21,193840,59
1441377,Sz%C5%91r+Ny%C5%B1,0,1,2228,530
1442605,-Szenth%C3%A1roms%C3%A1g-,0,1,53,1001
1443757,%3DJoker%3D,0,1,1535,607
1447681,%3DGUINEVERE%3D,0,0,0,1130
1447726,Arlot,219,50,345608,33
1451299,Ricsi998,0,1,1253,655
1451865,Halucinog%C3%A9n,219,27,234862,49
1452820,TIPO+TOSTO,37,83,707870,12
1452912,szilviramone,8,5,28025,174
1453056,alex2006,113,11,67885,114
1453786,Jaky1,0,0,0,1131
1454272,ifj.+feketevezer,330,0,0,1132
1457356,zee-tor78,219,29,193542,60
1458029,pisti8207,149,3,3826,426
1459133,I+love+Parallaxis,0,10,12551,258
1459714,KisMesko22,200,1,4455,397
1460056,killergabi,0,1,1006,707
1460420,dandras,81,1,2159,538
1461202,Arch+Stanton,37,89,681583,13
1461547,meretek,0,1,2819,485
1462506,Slade,0,1,38,1008
1462529,Nimr%C3%B3dvez%C3%A9r,24,2,4159,409
1462826,peppe,268,4,9254,297
1462938,bohi7,0,1,174,911
1462941,gabor1982,0,1,502,803
1463067,Mugiwara,132,0,0,1133
1463304,Tocsa,0,1,26,1041
1464551,r%C3%B3ma1,24,3,18054,221
1464895,Hacos,222,9,23386,196
1465139,Hunnyadi,0,1,4391,402
1466642,sipos1987,9,1,807,745
1467209,EJ09,0,3,18132,219
1468188,itep,24,3,25968,182
1472355,Darkside666,76,1,94,974
1474069,T3N4C,0,0,0,1134
1474983,K%C3%A1kalakiakka,0,1,2199,533
1475653,Dominatos,268,4,8120,314
1476152,Caesar1,0,1,26,1042
1478212,Rhytm,200,2,4445,399
1479381,%3DUnbeatable%3D,37,67,595464,16
1480001,Hendran,0,1,252,872
1480734,DanMester,0,1,1011,704
1482443,BellaSwan,0,1,283,864
1482452,Isro,0,1,243,879
1482858,Barat...,20,1,6223,351
1483432,pionieer,0,1,92,978
1483711,%C3%9Ar+Orpheus,219,37,232137,51
1483879,%3DNoName%3D,0,1,1368,632
1485349,DaveP,0,1,26,1043
1485635,csaron,325,2,8470,311
1485855,szani90,0,1,699,762
1486523,Acccsi015,137,1,1381,631
1486984,Zeta,0,1,2858,481
1487000,periklesz995,96,3,9792,284
1488389,kisnagy94,0,1,26,1044
1488750,Kir%C3%A1lydrasek,0,1,2848,483
1489202,benyobenyo,37,122,942508,3
1490674,ati.mached,0,1,26,1045
1491469,wimwoe,0,1,26,1046
1493034,%C3%9Ar+Mugen,222,5,13852,247
1494095,%C3%81rmin.Roberta,0,1,229,884
1495762,norbert1982,76,2,6382,349
1496102,syndra,0,1,2994,468
1496661,Sokkol%C3%B3,59,9,26773,178
1498091,McFly1,0,1,192,897
1498279,Kazika96,0,1,127,940
1498897,Giher,0,1,26,1047
1499010,sminky,219,57,374879,30
1499742,Veter%C3%A1n,11,2,4822,381
1499826,MilfHolgersson,0,1,26,1048
1499951,-BaLiDaS-,307,63,444986,23
1500268,Masa,0,1,51,1002
1500491,Noniusz78,0,2,2184,536
1501767,ic52,0,1,358,841
1501905,Arnold01,0,1,26,1049
1502601,Gull98,8,2,1304,648
1502794,JSanyi66,227,2,6371,350
1502972,buxika93,20,1,1572,602
1503284,zsz.best,0,3,1915,561
1503612,Gelu,295,1,422,822
1503726,Blackfire,0,1,95,970
1503756,z%C3%A9ap%C3%A9,24,5,30159,167
1504010,tutitibi,0,1,95,971
1504376,JBCannon,24,11,67011,115
1504846,Dave900,76,2,3095,464
1505539,kisb%C3%A9ka,152,1,245,878
1505660,Tibu,0,1,1146,676
1506090,bacter,8,4,9332,295
1506183,sting...,59,1,1485,615
1506376,zsoltika1999,166,1,654,771
1506691,Szilvimama001,222,2,13579,250
1507207,Lopakod%C3%B3,0,1,4577,389
1508004,KALI,0,1,783,751
1510669,csangesz,222,5,13213,253
1510818,nawaky,24,10,50023,131
1510872,szoda97,75,1,1411,625
1510946,Biba1885,0,0,0,1135
1511274,2001723,222,5,23913,193
1511456,TrollFaceHumters,0,0,0,1136
1511923,Zsolt999,0,1,1044,701
1513073,Zsozs%C3%B3%C3%B3,200,0,0,1137
1513130,Bambin%C3%B3,332,1,1095,686
1513153,Kukucskaa,325,17,83654,105
1513164,nemnem,0,0,0,1138
1513213,Hazomy,200,2,3897,420
1513491,szilard42,268,3,8023,316
1513552,StatePower,0,1,2551,498
1515049,Finio24,268,5,18538,217
1515833,kopasz23,75,3,5914,354
1515995,Nestorovski,0,0,0,1139
1516051,Atos,219,30,163851,68
1516915,Megyeri79,268,11,34514,156
1517305,Richard+Sharpe,8,1,1595,600
1517846,Gee89,0,1,508,800
1517957,Syned7,268,1,3029,466
1518166,bingyoka,0,1,1367,633
1518410,%C3%96rd%C3%B6giKrisz94,24,22,130011,73
1518539,Kiskarcsi,0,0,0,1140
1520040,Levideok+32,0,0,0,1141
1520074,Jaqen+H+ghar,325,23,171979,64
1520128,szzolcsi,287,3,8339,312
1520309,Merox93,0,1,162,912
1521688,Sztrejko,325,33,184584,61
1521848,Display,3,4,21345,203
1521895,Mori+seiki+tabornok,0,0,0,1142
1521940,xaxav+01,200,1,4505,394
1522004,papasuri1,222,2,8985,304
1522638,Nojci,139,1,1110,683
1523922,RAZNIK,0,0,0,1143
1524042,Adaxeda,30,1,715,761
1524065,autonepper,0,1,33,1188
1524212,Smatte,37,117,759593,7
1524440,Maruvic,0,1,721,759
1524583,TaiKei999,0,1,26,1050
1524788,wraddel,0,1,1920,560
1524836,Mr.Robec94,222,0,0,1144
1525242,bobesz,0,6,7998,318
1525310,kelta,268,1,5776,357
1526159,Lilsaint,0,1,178,903
1526218,Furat,325,18,95168,93
1526245,Szomjas,0,1,696,763
1526383,iimii,0,0,0,1145
1526528,Teewy,0,1,2387,510
1526531,ConnVoice,287,1,26,1051
1526850,tiborsebok72,128,4,26281,179
1527084,ferfar,0,1,26,1052
1527265,Queen+Freya,0,1,58,992
1527719,Szancso16,121,1,4272,404
1528091,Florin17,7,1,445,817
1528106,Tomaj,0,2,9295,299
1528462,Whart,59,17,95641,92
1529085,BlackeX,130,3,23590,194
1529145,TejeslaTornya,0,1,26,1053
1529463,czxke,0,1,911,719
1529945,Brumimaci,76,1,1187,668
1530130,albatroll,113,3,23398,195
1530179,3nt3l,130,0,0,1146
1531569,lordfarkas,24,15,58382,126
1531751,Szent+Mih%C3%A1ly,0,0,0,1147
1531781,Mantra,268,42,251349,44
1532016,Orden,200,2,2414,508
1532041,apacs,24,4,8589,309
1532264,kozso,325,69,437249,25
1532275,KH12INKA2800V,268,18,44175,141
1532752,MaciLaci,35,0,0,1148
1532919,Cactusclone,268,5,13767,248
1533657,mRKNotorious,222,9,45919,138
1533750,smnbea,0,2,1615,598
1534418,tarpituzsi,318,2,3831,425
1534422,Laczk%C3%B3,24,0,0,1149
1534679,Capo,222,3,6218,352
1534895,Belus1998,0,1,155,922
1534919,Liza+Kir%C3%A1lyn%C5%91,327,1,359,840
1534951,Sparta95,200,1,1494,613
1534972,tomy76,20,4,12273,259
1534987,-+Weasel+-,7,1,837,737
1535035,Zolee089,0,0,0,1150
1535492,CrissSever,0,1,26,1054
1535937,Madam,0,1,93,977
1536101,Natyka1985,72,0,0,1151
1536181,Ragnar38,0,1,26,1055
1536325,Gazda,121,8,27531,177
1536666,predator1965,294,1,572,784
1537010,Sehonnai,0,3,21190,205
1538238,takar%C3%ADt%C3%B3n%C5%91,263,1,1993,548
1538298,cuslolq,0,1,26,1056
1538456,Jezabel1,59,18,52004,130
1538572,Rhotan,268,15,64102,119
1538852,b4ndika,31,1,26,1057
1539111,Genovese,0,1,1406,626
1539315,mesterke,327,1,231,883
1539522,feki922222,268,2,1984,550
1539769,slovenske+nove+mesto,0,1,229,885
1540090,hanko78,8,1,881,725
1540142,%C3%BCll%C5%91,0,1,128,938
1544833,Rushboy,268,9,25752,183
1545137,Razuro98,30,1,9879,283
1545448,MAPA-Paco17,0,1,47,1006
1545464,alyssa92,20,1,4040,414
1545704,Masz+Problem%3F%3F,0,1,290,859
1545773,csizi,0,2,1544,606
1545845,haha,0,1,70,988
1546049,donhoffer,0,7,33367,157
1546493,lindyke75,8,1,969,713
1546516,lykorz,0,1,1007,706
1546926,Lakat,0,1,2584,496
1547007,Elzard,0,0,0,1152
1547008,LordArkan,9,1,343,844
1547023,Manozoli,59,2,4700,386
1547269,Kunos,0,0,0,1153
1547494,Martinn.,24,9,15486,236
1547511,McFly,0,1,161,914
1547691,Baki9502,0,1,295,863
1547731,Csohika14,24,2,12963,254
1547996,Yubel,0,3,6722,341
1548183,Maykiii,287,1,353,842
1548476,parafa,0,1,3504,444
1548564,Davidoff,59,4,19823,209
1548578,csoszkar,0,1,320,848
1548646,Dani+Sz%C3%A9pfi%C3%BA.,310,1,26,1058
1548833,Dzsdzs,0,1,26,1059
1549130,Drinass,8,9,20591,207
1549204,A+mindent+hall%C3%B3+f%C3%BCl,9,1,50,1004
1549769,gt97,0,1,26,1060
1550398,Xellem,37,92,637450,15
1550496,makii22,189,8,38600,151
1550501,Skinfaces+%C3%9Ar,189,5,26024,181
1550573,Benitooo,0,1,26,1061
1550804,Athelstan,0,1,26,1062
1550844,Kobi28,0,0,0,1154
1551330,Robi1910,24,1,10475,276
1551702,zsolt1993,109,1,159,916
1551765,Inanna,222,11,34584,155
1552030,Felh%C5%91+Lovassal,145,1,372,832
1552190,SPECTERS,152,1,1172,672
1552562,Kis+Vuk,0,1,426,821
1552566,kriszmanitu2,0,1,147,924
1552655,vivo2000,0,1,109,959
1553051,V3en0om,268,8,25646,185
1553137,petrusrichard,296,1,1350,636
1553434,Y.N.W.A,200,0,0,1155
1553673,mokri97,24,10,14773,242
1553791,peet30,0,1,85,983
1553964,gyonibo,0,2,5658,358
1553970,fendi,0,1,564,786
1554137,Rom%C3%A1n+-+Kaosz,0,1,44,1007
1554269,laci959,0,1,1494,614
1554377,Tira88,0,1,565,785
1554671,Rainmaker90,113,1,3892,421
1554823,Keri99,0,0,0,1156
1555520,%C3%9Ar+-sanyoeger-,152,1,964,715
1555645,csablek01,0,1,203,893
1556047,Sajtoslecso,37,111,786162,6
1556148,Dzsii1990,0,1,1456,618
1556334,-+Age+of+Aquarius,219,76,566763,19
1556629,Doma97,3,10,53676,129
1556663,Gerwen,302,1,828,740
1556856,iro200,36,1,1152,674
1556892,Zodi%C3%A1kus,7,0,0,1157
1557020,Science,0,3,3812,427
1557389,Boriszka,265,5,16346,228
1557445,G.Gmester,8,3,4976,375
1557777,attyhun,0,1,26,1063
1557866,turok,0,1,1046,699
1557948,Szl%C3%A1ven,0,1,26,1064
1558148,1szilvi9,287,3,4554,391
1558224,frici77,152,1,26,1065
1558672,zsajazsejem95,121,0,0,1158
1558746,Poncso,0,1,26,1066
1559309,Dokimano,0,1,26,1067
1559357,pucu1090,222,10,43996,142
1559408,Dread,0,1,26,1068
1559458,Kir%C3%A1ly+nemadom,3,2,10442,277
1559502,Poloska20,11,2,6630,345
1559548,Hunor1,152,2,2665,490
1559638,Zsombika94,113,12,76726,110
1559707,BoGnArBeBe,76,3,18686,216
1559745,Berzeker,0,1,175,906
1559959,Expresz+1,121,5,18704,215
1560074,rose75,0,1,901,724
1560098,karikalaskai,76,1,1566,603
1560103,Anna60,0,1,4898,379
1560205,rizzo,20,0,0,1159
1560327,gazamperba,137,3,4020,416
1560338,Benithebunny,0,1,611,778
1560967,gede123,24,7,21534,200
1560993,katamar%C3%A1nl%C3%A1ny,8,3,9639,287
1560998,zolikarma,37,89,750068,8
1561097,Brutyyy,59,5,24250,192
1561207,DANJO,0,5,43221,143
1561305,afadam,0,1,294,858
1561503,Barnabee12,0,1,310,852
1561689,Hegyivadasz,7,1,6822,337
1561821,Rykaga,24,2,12627,256
1561902,symy1990,11,1,4714,385
1562417,Timerobber,0,0,0,1160
1562423,Finedon,113,3,4552,392
1562583,Keri1994,121,1,2886,479
1562653,orion,11,1,4079,410
1562786,-ATTILA-,268,66,588007,18
1563020,kupci,0,1,3182,461
1563057,Bergaflex,24,9,28272,172
1563495,BaRa,8,0,0,1161
1563695,Petya,8,1,4054,419
1563835,Meliii,268,4,24532,190
1563972,KisTofi,219,74,349213,31
1564227,krt3r,0,1,2027,545
1564347,Dkgrinder,0,25,104816,84
1564361,avvva,222,8,45449,139
1564445,S%C3%A1rki,0,1,420,826
1564519,Keineahnung,24,4,8579,310
1564618,Postafi%C3%B3k+3,20,6,30766,165
1564929,F%C5%91nispan,9,1,5227,367
1565064,Attila+0416,325,35,214596,56
1565155,eretnek,0,4,11228,268
1565178,Halhatatlan,308,1,182,902
1565368,Nimrod88,200,1,2859,480
1565505,Luki1982,0,13,56851,127
1565622,naitzsirk,8,1,2752,487
1565641,Valaki567,97,1,1657,592
1565702,attila5,0,1,529,798
1565705,Pityk%C3%B3,27,0,0,1162
1565769,Szabika,0,1,26,1069
1565804,tibor70,0,1,1152,675
1565843,Szemi55,0,0,0,1163
1565855,Do+Not+Eat+Yellow+Snow,268,18,85215,102
1565902,Killy19,0,1,88,981
1566016,ascon,9,1,2038,544
1566024,imi2211,281,2,3056,465
1566052,Smes,11,2,3687,433
1566100,mackopajtas,113,6,21091,206
1566168,Doszi,152,1,157,921
1566215,Dodika78,200,7,31355,163
1566257,csabi28,76,5,16076,229
1566275,buglyo97,268,9,17401,224
1566425,venom84,219,45,229864,52
1566470,asmodeus911,222,7,22908,198
1566502,laci,121,1,1233,662
1566540,Crytek,219,44,291766,39
1566618,Alexandr2021,325,56,406011,26
1566644,Hepesztusz,30,19,93325,94
1566781,kurafi40,0,1,226,887
1566816,Kalla2013,27,1,104,965
1566840,apuszta97,20,1,2937,475
1566882,kozmaben,200,1,1823,573
1566927,Kiss9220,59,7,37817,152
1567050,Adaron70,24,35,136509,72
1567121,Upand,0,1,736,755
1567213,Tom1971,24,9,35179,153
1567238,Psssh,24,4,10909,270
1567283,dejoe,0,4,9442,292
1567287,Bitang,8,4,9707,285
1567314,Anemi,0,0,0,1164
1567398,...KID...,0,1,26,1070
1567449,%3DKrumpli%3D,0,1,905,721
1567458,Boba+Fett,24,5,26036,180
1567503,lalus,0,1,1308,646
1567557,%3D+KING+of+WAR+%3D,307,33,227733,54
1567568,taki07,307,12,64806,118
1567641,Isp%C3%A1n,72,1,880,726
1567663,Witcherik,113,34,158327,69
1567671,HuitzDo,222,6,30453,166
1567810,Amazon76,59,14,44297,140
1567836,sz%C3%B6r,0,1,267,869
1567856,Amazon218,59,17,85094,103
1567901,Karakter,0,0,0,1165
1567933,lrncztmy,8,1,1329,641
1567939,Anett88,3,2,3531,384
1567948,gyuri1024,24,2,10051,280
1567977,Grizli15HUN,9,0,0,1166
1568077,p.pasi,8,7,25409,186
1568197,pataki881221,128,1,1068,695
1568293,morf3uus,307,46,342891,35
1568327,Sielver83,59,8,32231,160
1568437,silent+BoB,280,2,7238,329
1568441,Zzzz,24,11,61067,123
1568518,Firki93,238,1,840,735
1568522,Szupernova,0,1,96,969
1568523,Tek090,307,34,246034,47
1568530,SirDRH,8,3,5127,371
1568560,Mogyi96,268,8,24514,191
1568595,Danabol,0,1,172,908
1568596,Vend%C3%A9g568596,268,1,1308,647
1568598,vDaveeHUN,72,1,7332,327
1568663,Bali12,8,4,7300,328
1568672,Bubospr%C3%BCcs%C3%B6kfalva,8,5,12119,261
1568684,Ariesx,0,1,822,742
1568724,Gyarfas,200,2,1931,558
1568726,Carl,9,1,4132,408
1568739,AtyaHUN,24,5,28265,170
1568757,%3Dmagi%3D,121,7,14354,244
1568787,PeterKiraly,24,5,17562,223
1568836,Amazon72,59,24,121635,80
1568843,tomilijon,0,1,1685,591
1568861,real,153,1,267,870
1568913,ZMBET,9,1,548,790
1568938,csulokporkolttesztaval,9,5,16800,225
1568939,Zsolt1991,8,1,2896,478
1568948,Warrior8,222,7,34735,154
1568949,Kocsik76,20,3,3605,437
1569014,alucinado78,268,8,21450,201
1569021,Valaki,72,0,0,1167
1569035,slead,268,2,3838,424
1569067,Viper,307,38,255890,42
1569078,Naomi01,200,2,3264,457
1569095,Toriell92,219,59,520912,21
1569115,Komi+93,0,0,0,1168
1569145,Dogevo,27,1,211,890
1569178,Ragua,9,1,1904,563
1569225,Killer,200,1,677,765
1569291,Ragnar111,0,0,0,1169
1569292,fannikam,0,10,32547,159
1569343,Vend%C3%A9g569343,137,1,418,825
1569346,kezesek,128,1,189,898
1569347,Vend%C3%A9g569347,137,1,2143,539
1569361,csabapapp94,268,2,3523,441
1569471,Bela6009,0,1,723,758
1569472,golditep,9,1,26,1071
1569493,NDRS,56,0,0,1170
1569495,TFAnn,56,1,1193,666
1569496,Bazsimoo,0,0,0,1171
1569660,Barb%C3%A1rfa-moly,219,19,104157,85
1569670,Ethiron9,0,1,1254,654
1569716,Bakugan,0,1,652,772
1569785,Tutyi95,0,1,329,847
1569801,kriszcson2,59,18,101891,88
1569971,Bananosjoe19,325,23,123610,78
1569975,Csaba2023,0,6,13361,252
1569988,Predator,24,10,46831,135
1569998,epidemic,9,0,0,1172
1570008,Sajtosss,59,16,84827,104
1570010,Istv%C3%A1n+05,9,0,0,1173
1570011,%3DBj%C3%B6rn+Ironside%3D,296,5,15933,234
1570018,Messi12,0,1,136,929
1570108,Orkok82,0,4,7892,319
1570114,aToM1,0,2,3199,459
1570142,tubi01,121,1,730,756
1570186,dubfire,0,1,1360,634
1570193,Kriszti,128,1,3542,440
1570207,HUNRadek21,20,1,1893,565
1570224,NothonHUN,0,1,2996,467
1570225,pokhalo,152,1,1053,698
1570239,Zco+Ati,24,4,14157,245
1570248,Bencesumi,0,1,318,850
1570252,jgabor2530,0,1,1165,673
1570270,Toto,59,17,78614,109
1570271,ragyoro,0,1,2026,546
1570306,Grut,0,0,0,1174
1570351,CarteDior,307,14,97512,91
1570427,keton97,76,2,1517,609
1570447,Fdrdvd97,268,2,6662,343
1570471,HAZEL,307,10,53960,128
1570472,Jikazuki,0,0,0,1175
1570616,Kir%C3%A1ly+Lipike94,0,1,840,736
1570625,kuci,0,0,0,1176
1570642,%C3%9Ar+Mancs,9,4,9108,300
1570649,saxztata,121,1,1756,580
1570650,HotMango,0,1,1304,649
1570653,Advequi05,0,1,9366,293
1570654,Bobova,99,1,372,833
1570655,Bulleting,101,1,178,910
1570656,Centor,0,1,1845,569
1570657,Confidentd,0,1,3255,458
1570658,Crooner,0,1,472,811
1570659,FreakFunny,0,1,452,815
1570660,Funkinte,0,1,151,923
1570661,GriffonCritic,0,1,6903,335
1570662,Heaventu21,0,1,4299,403
1570663,Homeyer43,0,1,1187,669
1570664,HorrayWzy,0,1,1932,557
1570665,Ickervide,0,1,9592,289
1570666,Immenseew,0,1,364,836
1570667,IonSports,0,1,2191,535
1570668,Larium8,0,1,10801,272
1570669,Lastingfi,0,1,94,975
1570675,Salcomm,0,1,1061,696
1570688,Crediazi,0,1,1721,584
1570710,maczo80,0,0,0,1177
1570766,Loventer47,0,1,1742,582
1570767,Melliansa,0,1,4668,388
1570768,MintRocks,0,1,118,950
1570769,MjCrescent,0,1,3355,452
1570770,Moldayme,0,1,320,851
1570771,Perfemi,82,1,3022,473
1570772,SilverRpg3,0,1,1257,653
1570774,WellLuv36,9,1,183,901
1570775,Zonematch9,105,1,970,712
1570776,Accellese20,0,1,2058,542
1570777,Aptergy937,70,1,1831,570
1570778,Baselvan,0,1,1944,554
1570779,Bootypetr,0,1,1087,690
1570780,Cindia173,0,1,2537,500
1570781,Editorge,0,1,1237,659
1570782,FunkWind50,9,1,238,881
1570783,Galatesti,0,1,2125,540
1570784,GazerScan,107,1,931,718
1570785,Godut,0,1,1564,604
1570786,Grandsp822,0,1,2331,521
1570787,Hotpi,0,1,113,956
1570788,Labsto88,0,1,1513,610
1570789,Lafarns34,90,1,227,886
1570790,Loyalin,0,1,750,753
1570791,Misterie36,0,1,2386,511
1570792,Nekopi,0,1,250,874
1570793,Nsmilebons,0,1,1335,640
1570794,Onlineer,0,1,6574,346
1570795,Pandong,0,1,1108,684
1570796,Poetace42,0,1,203,894
1570797,PrideStar5,0,1,2367,513
1570798,Reclandel,0,1,1632,596
1570799,Shinymi0,0,1,1245,657
1570800,Smartpl32,0,1,2474,504
1570801,Stenti,83,1,2347,516
1570802,Vanderma6,64,1,5109,372
1570803,Wackylift,0,1,269,868
1570804,Worstura21,0,1,282,865
1570805,Wyndcir8,0,1,281,866
1570806,2cuteChone,0,1,144,926
1570807,Arther,0,1,4059,411
1570808,Azaleme,0,1,1797,575
1570809,Badot42,0,1,1010,705
1570810,Bobow86,87,1,1129,678
1570811,Bownets272,62,1,677,766
1570812,Buhrshb433,0,1,285,862
1570813,Columnesul,0,1,103,968
1570814,Consonee,0,1,2316,523
1570815,Dayex761,0,1,1086,691
1570819,-BeRightBack-,219,56,398259,27
1570824,DayMagazine,88,1,289,860
1570825,Dology,9,1,977,710
1570826,EnjoyGravity99,0,1,1425,624
1570827,FlashSanta,0,1,1501,620
1570828,Gatout,0,1,1819,574
1570829,GoobleYes,0,1,1059,697
1570830,GriffonUn,0,1,1466,617
1570831,IwantAngel75,0,1,367,835
1570832,KittyTactic32,0,1,928,717
1570833,Leancera633,65,1,1253,656
1570834,LingHelp420,9,1,2175,537
1570835,Positava910,0,1,1016,703
1570836,Razuri,0,1,1340,638
1570837,SaberYoung240,0,1,2980,470
1570838,Slipkorse13,0,1,1027,708
1570839,Smoothru,0,1,538,792
1570840,Stevent,0,1,1402,627
1570841,Swarfbi7,0,1,1783,581
1570842,Vibrantas820,0,1,1621,597
1570843,ZolloSelf95,0,1,362,839
1570845,Anting,0,1,346,843
1570846,BeachUpdate5,0,1,858,732
1570847,Bede,0,1,748,754
1570848,ChikkAnnouncer,0,1,1359,635
1570849,CommentNotice94,0,1,55,997
1570850,Coquity,0,1,668,768
1570851,Corrievi15,0,1,725,757
1570852,Drayade,106,1,4574,390
1570853,Easydd399,0,1,5164,370
1570854,Gramists5,0,1,1094,687
1570855,HondaStronger,0,1,1768,578
1570856,Humantn7,0,1,1476,616
1570857,Javalied,13,1,851,734
1570858,Kinde,0,1,498,805
1570859,Mafialewe,0,1,3996,418
1570860,Matrixpart54,0,1,1866,567
1570861,MsCat953,0,1,1044,702
1570862,Murterli,0,1,1831,571
1570863,NightShoes,0,1,1936,555
1570864,Partsmi,0,1,3164,462
1570865,Pezeyeti,0,1,480,810
1570866,RichV243,0,1,320,849
1570867,Sakitt,9,1,659,773
1570868,Scoobyte70,0,1,1957,552
1570869,StartInspire,0,1,69,989
1570870,Storiesag2,13,1,1074,693
1570871,StringSosa,0,1,4977,374
1570872,TeamYes,0,1,407,829
1570873,VitalChiquita,0,1,3812,428
1570876,Krinyo1,0,1,969,714
1570885,Hitacsi,75,0,0,1178
1570903,Csibep%C3%BCr%C3%A9,0,1,26,1072
1570919,Kaewood,0,0,0,1179
1570923,deepa98,268,2,2824,484
1570927,nade,3,1,5596,359
1570944,Bali,0,0,0,1180
1570953,Lovag+64,0,1,1069,694
1570956,Bulltom,312,1,2669,489
1570958,Mesikiralyno,36,1,161,915
1570972,Rocokmacek,267,1,3449,447
1570977,PierTimber,0,1,1431,623
1570988,Sipimate98,0,0,0,1181
1570989,retigodx,0,1,1108,688
1570997,Gustavo,24,4,9608,288
1571010,a+Gonosz,200,0,0,1182
1571025,Lordos,222,13,48943,133
1571027,Butykai,0,1,821,743
1571034,eFoloric07,200,1,2484,503
1571035,Gabrinho,0,11,24879,188
1571051,csanadlee,0,0,0,1183
1571061,Heve,222,4,8066,317
1571067,SteamUser1688819601,137,1,791,749
1571068,late145,0,0,0,1184
1571077,LeoN,316,5,9513,290
1571088,Hermione,0,1,721,760
1571091,Kossuth+Lajos,0,1,309,854
1571099,czaganygabor,265,3,11458,266
1571106,martinezzbro,267,3,11701,264
1571110,roli0416,0,2,4771,382
1571111,Tudor,24,24,178765,63
1571113,Xerningen,3,1,5090,373
1571134,Skoresz,200,1,4916,377
1571143,tris,0,2,4218,406
1571145,mmark97,8,4,16285,227
1571156,Storytime,8,2,3713,431
1571164,FireFox93,0,1,3135,463
1571166,H%C3%B3d%C3%ADt%C3%B30331,8,1,1564,605
1571167,madibalu+89,287,2,1907,562
1571173,Vend%C3%A9g571173,230,1,502,804
1571178,Cudapesta,222,8,39877,148
1571179,fighter+klan,268,3,6431,347
1571180,Ferbenc,8,1,1849,568
1571193,Patesz25,20,2,2101,541
1571216,Izanami,200,1,856,733
1571219,Targeryen,145,1,792,748
1571221,nebantsvirag,0,1,134,933
1571223,Anomalia,8,4,12773,255
1571227,nemjan1,268,5,20308,208
1571239,akrisz198,200,1,1321,644
1571240,gonczisandor20,8,2,4505,395
1571246,mirror24,0,5,9294,296
1571252,emmatesver,0,1,498,806
1571255,Vincent,8,1,1235,660
1571257,balis18,268,5,19581,210
1571261,-T0M1-,0,0,0,1185
1571270,Dragon22,0,1,26,1073
1571271,Girind,222,6,19499,211
1571276,SzenyolSzutyok,24,8,46353,136
1571277,De%C3%A1k,200,3,2709,488
1571278,Madiking,0,0,0,1186
1571279,Annyie,0,1,1432,622
1571280,Gabi,0,1,2521,501
1571284,Daniels,200,5,9679,286
1571288,RagnarLothbrok78,268,3,17993,222
1571290,Focista17,287,3,10858,271
1571304,Bender,268,18,87333,100
1571305,igen,281,1,343,845
1571315,Kriszti0913,0,1,225,888
1571320,eliza34,8,4,10158,279
1571328,Bazska1998,0,1,6778,340
1571331,Geri1303,9,1,1707,587
1571334,Westmarch,8,3,8882,306
1571335,Laci83,0,4,5171,369
1571338,Tomka973,274,1,903,722
1571342,boldizsar,0,1,865,731
1571343,Monyopapa,0,1,28,1010
1571344,Angolna,24,7,41436,147
1571351,petra97,8,3,9097,301
1571352,Rolex,7,1,2345,517
1571356,Mr.Genya,24,3,11492,267
1571360,dArtagnan,7,0,0,1187
1571364,kklaca,200,2,3348,455
1571376,bali0918,7,2,2976,471
1571380,kari24,9,1,1046,700
1571382,Katana73,268,6,14888,241
1571394,HIHI,0,1,32,1009
1571396,RomePee21,222,4,7636,322
1571406,Bokorp,200,1,3513,442
1571421,v%C3%A1romazunbannt,0,2,1327,643
1571424,DevilTeku,7,1,26,1074
1571431,badchoices,0,2,4049,413
1571436,Frank+Antal,30,14,47430,134
1571464,Vend%C3%A9g571464,0,1,310,853
1571467,dzsenike,227,1,1125,682
1571468,Micra,297,2,1341,637
1571474,Vend%C3%A9g571474,0,1,199,895
1571477,Bihi,0,1,26,1075
1571483,olaj05,281,1,628,775
1571516,Shadow17,222,2,2455,506
1571521,Zeromark,222,1,2912,476
1571524,stonedsloth,0,1,109,960
1571526,Pokla,8,1,309,855
1571528,Bubu98,222,1,6685,342
1571532,Aqua,8,1,3602,438
1571537,Zsoca+29,222,4,7064,333
1571538,Krist%C3%A1ly+Roland,287,1,26,1076
1571540,Hispan88,287,1,867,729
1571541,%3DTSSX%3D,0,1,26,1077
1571542,Levi82,222,1,6425,348
1571558,22beci,287,2,3785,429
1571600,Maxizol,265,1,3688,434
1571610,Szven,327,1,508,801
1571630,DEVIL1990,0,1,178,904
1571664,DeathGrip,0,1,185,900
1571680,Uchiha95,0,1,158,918
1571683,Sanya1967,287,1,1904,564
1571723,Kitsune,0,1,57,993
1571743,BarackosYeti,0,1,175,907
1571749,SteamUser1692431165,0,1,26,1078
1571754,Jaca18,8,1,2209,532
1571760,Denerys,200,1,1642,594
1571777,Janika28,0,1,145,925
1571784,Betev%C5%91,0,1,26,1079
1571818,Kriszgh,0,1,26,1080
1571825,Daanger,0,1,2371,512
1571846,Kontra,0,1,107,962
1571856,Riens,0,1,26,1081
1571857,Csabinator69,8,1,616,777
1571867,jacuuuuu19,0,1,129,937
1571871,DareDevil,8,1,513,797
1571895,Gawen,0,1,26,1082
1571902,Sasquatch,0,1,26,1083
1571903,stiby,0,1,136,930
1571913,ProAssa,0,1,177,905
1571932,pinyo,333,1,299,857
1571976,cura76,327,1,339,846
1571978,Ranzonka,0,1,26,1084
1571980,Jango+Fett,0,1,76,987
1572008,Awarect,0,1,54,1000
1572009,Belrc8,0,1,130,934
1572010,BobMom,0,1,56,996
1572011,Buddie,0,1,107,963
1572012,CakeHipur,0,1,130,935
1572013,Campyon78,0,1,57,994
1572014,DancerThega,0,1,118,951
1572015,DiaryChrome,0,1,114,954
1572016,Dickta7,0,1,134,941
1572017,DoubleLinkin,0,1,119,946
1572018,EyesMadd,0,1,68,990
1572019,Flamesca26,0,1,105,964
1572020,Grimpo,0,1,108,961
1572021,Jewelid,0,1,119,947
1572022,Jongene,0,1,131,939
1572023,KissezDown,0,1,126,945
1572024,LadyFlavored,0,1,78,986
1572025,Megabal2,0,1,117,953
1572026,Pattypo6,0,1,96,980
1572027,Piercemi7,0,1,119,948
1572028,PierceTweet4,0,1,103,966
1572029,Royalee53,0,1,57,995
1572030,Shcambl,0,1,92,979
1572031,StahHeadline,0,1,127,942
1572032,Supremesi,0,1,95,976
1572033,Targette818,0,1,84,984
1572034,TearAnhart,0,1,119,949
1572035,TrickyFly,0,1,114,955
1572036,Vernara,0,1,134,952
1572037,Zerpow363,0,1,136,931
1572038,Abovens11,0,1,113,957
1572039,Bioquan,0,1,55,998
1572040,Caldli,0,1,124,944
1572047,MaszkosZ%C3%A9e,0,1,65,991
